1
7
15
14
10
9
12
3
23
19
11
21
22
17
16
6
8
5
4
2
29
13
18
36
31
37
24
28
26
40
30
20
42
34
25
44
45
39
47
48
35
33
38
27
43
41
46
49
50
32
56
55
54
60
68
58
69
71
52
61
70
66
62
73
59
67
65
74
64
57
63
76
53
79
81
82
83
75
89
84
88
90
86
78
80
91
51
93
95
77
98
99
87
100
96
94
85
92
97
72
106
115
105
111
102
112
101
103
119
122
110
109
116
118
104
125
121
114
117
108
113
128
107
123
131
132
138
135
134
136
124
126
120
127
146
142
133
144
141
140
129
148
130
150
137
145
149
147
139
143
154
161
162
160
156
167
151
164
157
153
155
168
174
173
152
163
171
159
176
179
170
181
165
186
158
180
182
178
172
188
169
189
191
184
175
183
166
177
193
185
190
196
198
199
194
187
195
197
192
200
203
207
208
201
205
209
211
215
220
212
216
206
221
214
225
224
213
227
204
210
202
218
217
219
229
226
228
234
237
239
222
242
240
223
230
238
231
246
245
235
233
248
232
244
236
243
249
250
247
241
255
254
252
262
266
260
264
261
269
274
259
272
256
275
276
251
270
253
263
257
268
280
278
277
273
283
271
286
287
290
282
291
293
288
296
284
279
289
295
298
299
281
285
258
294
292
265
300
297
267
313
311
301
314
317
318
308
312
303
315
320
302
322
309
328
316
327
305
307
306
310
304
319
324
325
326
323
330
331
329
339
333
334
321
337
335
344
341
332
345
338
350
343
336
340
342
346
348
347
349
367
354
358
360
353
351
355
364
365
356
362
366
369
371
372
368
359
378
361
377
357
370
363
382
352
373
386
388
387
379
390
380
375
381
384
392
396
376
398
399
400
374
385
393
391
394
389
397
395
383
410
416
412
402
415
406
407
408
411
414
419
403
424
425
426
417
405
427
404
401
421
418
409
423
420
431
432
435
434
429
422
428
438
430
442
440
444
446
450
448
449
439
433
441
436
445
447
443
413
437
454
465
459
461
458
467
460
453
451
468
452
469
466
462
473
471
457
472
456
475
476
479
455
464
463
482
486
474
487
478
490
492
470
481
493
494
484
489
496
488
480
497
499
483
485
477
491
498
500
495
513
517
511
512
506
508
518
515
503
505
510
502
519
520
504
516
522
509
523
528
531
521
514
532
501
525
534
529
536
530
538
524
527
526
543
547
544
541
540
545
546
548
549
533
535
539
542
537
550
507
556
557
551
552
567
553
560
568
566
564
554
558
555
573
562
571
559
574
570
572
578
576
561
565
580
569
579
584
575
577
589
590
583
593
594
585
595
596
587
597
599
591
581
582
586
588
592
600
598
563
609
601
617
604
611
614
613
606
602
603
612
619
610
621
608
618
605
623
620
624
626
630
607
625
632
622
635
628
639
629
634
641
615
633
627
631
636
637
644
645
647
642
646
640
650
643
649
616
648
638
664
662
661
654
652
657
653
663
669
670
665
668
651
655
672
659
673
675
666
667
671
660
658
656
676
680
681
685
686
682
691
684
689
677
678
679
683
697
687
698
692
694
695
688
696
690
693
699
700
674
701
704
716
706
707
713
708
718
712
702
703
711
709
719
714
722
721
720
723
715
726
717
710
705
727
728
732
731
725
736
740
742
729
724
730
743
744
746
745
735
749
737
734
747
741
748
739
750
738
733
760
767
761
765
766
751
758
764
763
770
769
759
771
757
772
756
774
777
752
768
753
762
754
780
779
776
775
785
784
791
789
794
773
793
778
782
783
786
781
788
799
800
796
790
795
798
755
792
797
787
814
815
810
812
808
805
818
806
802
817
819
803
807
811
824
825
823
801
826
813
816
809
804
829
830
831
834
822
836
839
821
835
828
820
837
840
841
838
827
846
847
849
832
833
848
845
850
842
843
844
859
865
853
867
864
851
863
861
854
856
869
852
855
857
870
872
874
868
866
878
862
880
860
858
871
882
884
875
885
881
876
887
890
873
891
892
886
895
894
896
897
898
879
893
889
888
899
877
883
900
906
910
918
907
908
901
916
913
902
917
915
920
905
923
911
904
927
925
903
912
929
909
914
932
933
919
930
928
936
941
922
921
924
926
937
939
940
935
934
946
943
947
931
949
950
944
942
945
948
938
958
960
956
965
966
968
953
964
955
957
963
954
969
961
959
962
952
973
974
970
975
976
967
951
979
977
980
981
987
988
989
990
995
972
982
971
997
985
978
1000
984
983
993
986
992
994
991
998
999
996
1011
1016
1001
1007
1008
1002
1006
1018
1003
1019
1004
1014
1015
1005
1009
1010
1012
1017
1023
1013
1025
1026
1024
1030
1021
1022
1031
1037
1020
1027
1040
1042
1036
1044
1028
1033
1046
1029
1034
1041
1032
1038
1048
1043
1035
1045
1049
1039
1050
1047
1060
1059
1052
1053
1055
1064
1061
1070
1067
1074
1058
1062
1051
1056
1068
1063
1071
1057
1072
1065
1069
1077
1080
1073
1081
1086
1084
1075
1088
1087
1090
1093
1082
1078
1085
1095
1097
1098
1079
1091
1099
1100
1083
1089
1092
1094
1076
1096
1054
1066
1111
1108
1117
1114
1112
1104
1113
1102
1107
1118
1120
1119
1109
1101
1110
1123
1124
1122
1126
1103
1105
1116
1106
1115
1127
1135
1130
1131
1134
1132
1137
1139
1138
1141
1121
1142
1125
1129
1133
1144
1146
1149
1150
1128
1147
1140
1143
1136
1145
1148
1167
1153
1160
1161
1166
1162
1155
1151
1170
1165
1157
1164
1158
1171
1163
1154
1152
1168
1156
1159
1169
1174
1182
1181
1179
1180
1176
1186
1185
1172
1173
1178
1177
1175
1195
1188
1196
1183
1190
1200
1193
1191
1194
1187
1184
1189
1198
1192
1199
1197
1205
1209
1212
1204
1218
1203
1206
1208
1210
1207
1214
1219
1220
1216
1221
1201
1217
1225
1228
1211
1215
1230
1213
1232
1231
1222
1234
1202
1224
1233
1235
1227
1236
1237
1229
1226
1240
1242
1248
1250
1238
1249
1239
1247
1243
1241
1245
1244
1223
1246
1254
1258
1256
1251
1255
1259
1266
1262
1268
1269
1264
1257
1270
1253
1273
1276
1265
1261
1260
1263
1267
1252
1278
1271
1280
1282
1275
1274
1272
1283
1277
1286
1289
1284
1292
1281
1295
1296
1298
1299
1279
1294
1291
1288
1287
1290
1297
1293
1285
1300
1313
1312
1316
1304
1315
1314
1318
1310
1309
1306
1311
1301
1320
1303
1321
1322
1305
1325
1324
1319
1302
1328
1329
1323
1307
1330
1308
1337
1332
1335
1336
1326
1338
1327
1331
1346
1333
1349
1340
1342
1339
1348
1334
1347
1341
1343
1350
1345
1344
1317
1351
1363
1367
1354
1357
1368
1352
1356
1366
1358
1360
1364
1372
1371
1376
1375
1359
1374
1353
1377
1379
1361
1369
1370
1362
1365
1355
1380
1385
1373
1387
1378
1388
1391
1392
1381
1383
1395
1397
1399
1396
1394
1389
1384
1398
1382
1400
1393
1386
1390
1413
1411
1408
1403
1417
1407
1404
1401
1416
1402
1410
1419
1420
1405
1414
1406
1425
1424
1428
1412
1418
1430
1409
1415
1422
1421
1433
1434
1426
1435
1436
1439
1437
1429
1440
1441
1445
1427
1443
1442
1446
1447
1431
1432
1444
1449
1450
1438
1448
1423
1459
1466
1464
1453
1463
1456
1454
1455
1457
1468
1469
1474
1472
1462
1452
1458
1476
1465
1478
1471
1467
1460
1461
1451
1470
1473
1481
1479
1485
1477
1487
1488
1486
1489
1482
1491
1493
1483
1496
1498
1499
1480
1490
1500
1495
1492
1494
1497
1484
1475
1510
1514
1502
1511
1506
1517
1505
1516
1501
1515
1504
1522
1508
1509
1524
1513
1518
1503
1507
1521
1530
1523
1532
1525
1526
1519
1534
1528
1520
1537
1533
1529
1535
1541
1527
1547
1545
1531
1538
1536
1546
1548
1549
1550
1540
1542
1543
1544
1539
1512
1566
1563
1565
1560
1551
1554
1559
1558
1568
1567
1564
1556
1557
1553
1561
1572
1569
1575
1577
1552
1562
1555
1574
1570
1582
1573
1580
1584
1578
1571
1588
1590
1581
1589
1592
1576
1583
1594
1586
1596
1597
1579
1595
1598
1599
1585
1593
1587
1591
1600
1609
1607
1614
1616
1603
1602
1601
1612
1615
1606
1620
1611
1621
1624
1613
1604
1608
1623
1605
1619
1618
1629
1617
1610
1625
1632
1635
1628
1638
1622
1640
1639
1626
1631
1633
1642
1637
1627
1644
1648
1630
1646
1650
1634
1645
1641
1636
1649
1643
1647
1653
1662
1667
1654
1668
1661
1663
1665
1666
1675
1658
1664
1651
1659
1660
1655
1676
1657
1652
1656
1678
1680
1679
1681
1671
1670
1683
1685
1669
1684
1673
1672
1674
1690
1689
1692
1677
1682
1699
1691
1698
1700
1693
1695
1686
1687
1697
1694
1688
1696
1712
1717
1716
1718
1710
1719
1702
1704
1721
1705
1722
1711
1713
1703
1706
1708
1707
1714
1720
1725
1727
1715
1724
1729
1730
1733
1731
1734
1736
1739
1738
1735
1740
1728
1741
1750
1743
1744
1701
1709
1732
1737
1747
1742
1726
1748
1749
1746
1723
1745
1752
1758
1755
1756
1761
1759
1769
1762
1751
1757
1760
1753
1764
1771
1765
1767
1773
1775
1766
1774
1777
1763
1768
1781
1778
1782
1783
1785
1779
1770
1754
1788
1793
1790
1772
1784
1796
1776
1787
1798
1797
1799
1786
1792
1791
1795
1789
1800
1794
1780
1810
1807
1801
1809
1814
1813
1811
1808
1802
1806
1825
1818
1804
1805
1821
1824
1823
1816
1827
1812
1815
1803
1828
1817
1830
1819
1820
1826
1835
1836
1839
1841
1840
1831
1842
1822
1832
1833
1834
1829
1837
1848
1849
1845
1846
1847
1838
1850
1843
1844
1859
1856
1854
1857
1861
1858
1867
1868
1865
1855
1862
1864
1851
1869
1866
1874
1852
1871
1872
1877
1853
1863
1880
1870
1882
1875
1879
1873
1887
1888
1889
1890
1891
1892
1878
1893
1884
1883
1886
1896
1895
1885
1876
1897
1881
1899
1900
1898
1894
1860
1905
1911
1904
1912
1916
1906
1907
1909
1920
1918
1903
1922
1914
1924
1908
1902
1915
1910
1901
1917
1913
1925
1926
1933
1939
1921
1919
1937
1923
1940
1927
1928
1934
1941
1931
1932
1942
1929
1945
1930
1947
1935
1949
1950
1936
1943
1944
1948
1938
1946
1952
1966
1965
1962
1951
1960
1968
1958
1953
1959
1969
1956
1970
1964
1967
1963
1973
1957
1971
1978
1979
1961
1955
1980
1976
1972
1985
1974
1983
1988
1989
1954
1975
1986
1993
1981
1982
1977
1987
1997
1992
1998
2000
1984
1991
1996
1990
1995
1999
1994
2012
2007
2006
2017
2011
2018
2014
2009
2001
2020
2008
2016
2023
2026
2002
2005
2027
2004
2003
2013
2015
2019
2029
2021
2030
2025
2032
2038
2024
2022
2028
2034
2036
2039
2041
2043
2045
2046
2047
2031
2040
2044
2035
2037
2033
2050
2049
2010
2048
2042
2052
2053
2061
2055
2058
2054
2051
2064
2066
2068
2060
2062
2070
2069
2072
2065
2074
2075
2057
2056
2076
2078
2079
2080
2071
2082
2059
2067
2063
2084
2085
2088
2090
2086
2073
2091
2092
2093
2095
2094
2077
2096
2098
2087
2089
2081
2083
2100
2097
2099
2113
2108
2109
2117
2112
2104
2115
2114
2111
2116
2122
2123
2105
2125
2118
2101
2119
2110
2106
2127
2131
2126
2128
2132
2120
2133
2121
2103
2136
2140
2124
2129
2139
2142
2143
2144
2137
2130
2145
2138
2141
2147
2150
2134
2135
2102
2146
2107
2148
2149
2167
2164
2160
2165
2166
2153
2152
2162
2158
2154
2168
2161
2159
2155
2163
2157
2151
2173
2156
2176
2177
2179
2169
2180
2172
2181
2182
2184
2175
2174
2186
2188
2178
2190
2170
2171
2192
2194
2197
2189
2198
2200
2187
2183
2191
2185
2196
2195
2199
2193
2211
2201
2215
2212
2203
2206
2217
2213
2204
2205
2214
2221
2220
2209
2218
2202
2225
2226
2227
2210
2216
2219
2228
2208
2232
2223
2233
2234
2236
2235
2238
2237
2222
2240
2224
2245
2231
2246
2248
2229
2241
2250
2239
2247
2230
2243
2242
2249
2244
2207
2254
2266
2263
2259
2251
2265
2256
2252
2264
2260
2261
2257
2258
2255
2269
2267
2271
2272
2276
2277
2253
2268
2279
2280
2262
2284
2285
2274
2286
2283
2288
2278
2282
2281
2289
2270
2290
2275
2291
2294
2287
2273
2295
2297
2298
2300
2299
2292
2296
2293
2311
2305
2303
2316
2313
2302
2309
2310
2319
2308
2306
2301
2304
2318
2315
2322
2326
2314
2325
2328
2312
2320
2317
2307
2327
2323
2330
2324
2334
2335
2337
2321
2342
2331
2343
2333
2346
2338
2348
2329
2344
2332
2341
2340
2349
2345
2336
2347
2350
2339
2359
2354
2352
2355
2368
2365
2360
2370
2351
2362
2364
2363
2372
2373
2366
2375
2357
2361
2353
2367
2358
2356
2378
2371
2377
2374
2382
2383
2369
2387
2384
2388
2389
2379
2376
2381
2393
2391
2392
2380
2397
2385
2394
2396
2398
2395
2400
2386
2390
2399
2411
2417
2409
2410
2404
2418
2412
2406
2415
2414
2403
2420
2405
2421
2416
2419
2424
2413
2407
2426
2427
2408
2428
2402
2401
2430
2431
2422
2423
2442
2432
2434
2445
2447
2437
2443
2438
2425
2436
2429
2441
2440
2448
2433
2435
2446
2450
2439
2449
2444
2468
2466
2457
2461
2464
2452
2460
2463
2462
2456
2465
2454
2451
2455
2453
2469
2474
2470
2475
2459
2477
2478
2481
2467
2482
2484
2472
2486
2485
2458
2471
2488
2490
2492
2493
2473
2476
2483
2498
2487
2479
2497
2491
2496
2489
2500
2495
2494
2499
2480
2515
2513
2512
2503
2511
2514
2508
2502
2507
2504
2506
2518
2501
2505
2516
2526
2510
2509
2527
2517
2522
2520
2530
2531
2519
2521
2524
2537
2536
2525
2529
2533
2541
2538
2532
2539
2528
2535
2544
2547
2540
2534
2550
2542
2546
2549
2543
2548
2545
2523
2556
2561
2568
2560
2559
2565
2554
2553
2551
2567
2570
2571
2576
2569
2557
2578
2555
2573
2564
2562
2552
2566
2558
2563
2579
2574
2580
2581
2577
2585
2588
2572
2587
2575
2592
2586
2595
2596
2583
2591
2598
2600
2589
2597
2593
2582
2584
2590
2599
2594
2606
2616
2607
2602
2610
2614
2601
2613
2604
2621
2611
2618
2608
2605
2623
2624
2603
2627
2617
2612
2619
2609
2620
2615
2628
2630
2631
2634
2629
2625
2632
2639
2622
2638
2640
2642
2637
2643
2645
2626
2646
2636
2650
2641
2633
2647
2635
2644
2648
2649
2663
2654
2662
2661
2665
2658
2652
2659
2655
2660
2664
2670
2666
2651
2668
2677
2671
2657
2669
2679
2672
2680
2656
2653
2667
2686
2684
2681
2674
2678
2688
2673
2676
2675
2690
2694
2697
2695
2683
2685
2698
2689
2692
2687
2682
2696
2691
2699
2693
2700
2703
2706
2710
2701
2705
2714
2716
2713
2707
2724
2722
2720
2711
2719
2702
2712
2718
2708
2709
2704
2717
2723
2725
2728
2727
2729
2730
2732
2733
2735
2731
2737
2739
2721
2740
2742
2743
2746
2715
2744
2749
2745
2741
2734
2747
2748
2736
2750
2738
2726
2766
2754
2761
2767
2758
2753
2759
2760
2768
2755
2762
2756
2776
2757
2774
2765
2764
2752
2778
2751
2781
2763
2780
2773
2782
2777
2771
2769
2772
2791
2779
2775
2784
2794
2787
2795
2796
2788
2770
2783
2797
2790
2789
2798
2792
2800
2799
2786
2785
2793
2815
2812
2801
2816
2807
2804
2803
2817
2810
2818
2811
2821
2823
2808
2802
2826
2805
2814
2827
2806
2809
2822
2820
2824
2832
2834
2838
2835
2829
2819
2839
2841
2830
2842
2831
2833
2845
2828
2844
2846
2813
2848
2849
2843
2850
2847
2836
2837
2840
2825
2862
2857
2866
2858
2859
2867
2855
2854
2868
2863
2869
2853
2861
2870
2864
2874
2872
2851
2876
2860
2852
2856
2865
2885
2871
2882
2884
2886
2879
2891
2873
2877
2894
2887
2881
2895
2878
2898
2880
2897
2889
2896
2893
2892
2900
2899
2888
2890
2883
2875
2908
2907
2903
2915
2906
2905
2910
2904
2918
2909
2911
2912
2916
2914
2922
2923
2913
2925
2902
2901
2921
2919
2929
2926
2931
2932
2934
2930
2935
2936
2937
2939
2940
2938
2920
2941
2942
2943
2933
2945
2927
2928
2944
2947
2948
2949
2946
2950
2917
2924
2963
2955
2956
2964
2966
2967
2962
2968
2953
2972
2951
2970
2959
2961
2971
2975
2976
2957
2954
2969
2952
2973
2978
2960
2958
2965
2980
2977
2984
2979
2981
2982
2983
2986
2991
2988
2989
2994
2992
2974
2990
2993
2997
2998
3000
2985
2999
2995
2987
2996
3012
3006
3017
3008
3011
3010
3014
3001
3019
3004
3020
3007
3013
3005
3023
3018
3024
3027
3009
3016
3002
3021
3031
3030
3033
3022
3003
3035
3026
3037
3038
3025
3039
3029
3040
3015
3042
3041
3032
3036
3034
3045
3046
3049
3047
3050
3043
3028
3044
3048
3065
3064
3058
3068
3061
3060
3054
3057
3052
3056
3067
3059
3076
3063
3073
3072
3053
3066
3055
3078
3062
3069
3051
3079
3071
3075
3080
3082
3083
3077
3084
3085
3090
3074
3091
3088
3092
3093
3094
3081
3087
3070
3086
3100
3095
3097
3096
3089
3098
3099
3111
3109
3103
3116
3107
3102
3119
3113
3101
3104
3105
3118
3115
3117
3108
3123
3121
3125
3114
3127
3129
3106
3128
3112
3120
3110
3124
3133
3132
3122
3140
3136
3138
3143
3144
3142
3141
3146
3134
3139
3147
3126
3148
3135
3150
3149
3130
3131
3145
3137
3166
3153
3160
3159
3158
3163
3164
3162
3151
3167
3161
3157
3168
3155
3165
3156
3154
3180
3182
3175
3171
3176
3178
3174
3183
3185
3188
3190
3179
3187
3173
3177
3186
3181
3189
3170
3169
3195
3184
3197
3172
3198
3191
3152
3193
3192
3194
3196
3200
3199
3207
3208
3211
3212
3205
3210
3217
3214
3213
3216
3219
3223
3201
3220
3209
3203
3224
3228
3230
3231
3222
3218
3226
3215
3227
3206
3238
3237
3234
3229
3202
3239
3232
3236
3244
3204
3235
3247
3250
3249
3242
3225
3221
3233
3245
3241
3240
3243
3246
3248
3257
3252
3251
3255
3259
3268
3254
3258
3253
3266
3263
3262
3260
3269
3277
3271
3276
3272
3256
3264
3261
3267
3281
3270
3278
3274
3282
3265
3284
3280
3290
3279
3293
3275
3294
3285
3286
3296
3288
3298
3287
3297
3289
3292
3300
3299
3291
3273
3283
3295
3312
3318
3304
3302
3311
3308
3316
3317
3303
3319
3301
3309
3314
3324
3315
3322
3310
3328
3306
3313
3307
3323
3329
3320
3334
3330
3305
3335
3326
3333
3327
3336
3341
3338
3325
3331
3342
3343
3346
3345
3340
3332
3350
3347
3344
3348
3339
3337
3349
3321
3364
3352
3356
3367
3358
3361
3363
3362
3369
3354
3365
3351
3359
3360
3368
3373
3371
3375
3357
3366
3378
3355
3380
3376
3377
3353
3379
3385
3370
3382
3384
3386
3388
3389
3390
3395
3374
3383
3398
3400
3387
3391
3381
3394
3399
3396
3372
3392
3393
3397
3402
3405
3403
3406
3401
3404
