1|1
2|15
1|14
11|10
5|9
13|12
9|3
6|19
15|21
4|22
7|17
9|16
6|6
7|4
2|2
1|29
8|13
3|18
9|31
16|24
17|28
11|26
13|40
2|30
14|20
1|42
5|25
9|44
7|45
3|33
11|38
12|27
2|43
3|46
7|32
1|56
3|60
13|68
9|58
1|71
12|52
9|73
7|59
11|67
7|74
2|57
4|63
3|75
1|89
2|90
9|91
11|51
3|93
7|92
2|72
1|106
1|122
3|110
7|109
19|104
7|125
4|114
9|108
2|107
2|123
9|124
3|126
1|146
11|133
9|148
3|150
7|149
2|147
1|162
12|160
16|156
6|151
9|164
1|174
2|163
11|159
9|176
7|165
1|186
3|178
11|172
9|188
7|189
2|175
3|166
7|177
4|193
3|190
8|198
2|187
12|197
14|192
1|203
9|205
1|220
11|212
7|206
2|221
2|204
19|202
1|237
9|239
9|222
7|240
7|223
2|238
1|255
1|274
2|256
2|275
9|276
9|257
7|277
30|286
1|296
6|279
9|298
7|299
7|258
2|297
1|313
2|314
9|315
7|316
11|326
1|339
9|341
2|340
7|342
15|347
1|367
9|369
2|368
7|370
1|390
9|392
7|393
2|391
6|395
2|424
9|425
7|426
1|423
11|431
1|435
7|438
6|440
11|444
12|446
1|450
19|449
3|439
2|436
29|445
8|447
16|443
9|437
1|465
9|467
7|453
2|451
7|468
9|452
3|469
2|466
26|471
11|475
12|476
8|479
19|482
7|486
10|474
3|487
42|478
16|490
12|492
14|470
43|481
8|493
28|494
2|484
4|489
1|496
28|480
2|497
7|499
1|483
9|485
13|477
11|491
9|498
19|495
1|517
46|506
2|518
22|502
9|519
7|520
6|522
22|523
46|528
13|530
49|535
6|556
1|551
2|552
9|553
7|554
1|573
2|574
6|578
7|576
9|575
2|599
9|600
1|598
13|609
7|601
19|617
22|604
28|611
19|614
19|613
5|606
3|602
6|603
19|612
19|619
33|610
19|621
11|608
19|618
14|605
19|623
19|620
19|624
19|626
1|630
48|607
19|625
9|632
19|622
6|635
19|628
11|639
19|629
3|634
51|641
19|615
7|633
19|627
2|631
22|636
14|637
19|644
19|645
19|647
17|642
19|646
13|640
19|650
28|643
19|649
19|616
19|648
48|638
6|664
7|662
9|661
19|654
19|652
19|657
19|653
3|663
13|669
28|670
22|665
12|668
19|651
19|655
19|672
1|659
19|673
19|675
15|666
11|667
19|671
2|660
19|658
19|656
19|676
19|680
19|681
19|685
19|686
19|682
19|691
19|684
19|689
19|677
19|678
19|679
19|683
19|697
19|687
19|698
19|692
19|694
19|695
19|688
19|696
19|690
19|693
19|699
1|700
19|674
2|701
3|704
19|716
22|706
14|707
19|713
52|708
19|718
51|712
9|702
7|703
13|711
11|709
19|719
19|714
19|722
19|721
19|720
19|723
19|715
19|726
19|717
12|710
6|705
19|727
19|728
19|732
19|731
19|725
1|736
3|740
19|729
19|724
19|730
19|735
2|737
19|734
7|739
9|738
19|733
2|770
1|769
9|771
7|772
11|779
7|789
3|773
19|783
1|786
13|781
9|788
2|799
9|800
1|798
2|787
1|814
2|815
3|818
7|817
6|819
7|801
9|816
22|820
1|856
2|857
9|858
1|890
2|891
9|892
7|893
2|936
9|937
1|935
7|938
2|973
9|974
7|975
6|977
1|972
1|997
7|1000
2|998
9|999
6|1002
7|1037
9|1036
1|1034
48|1043
2|1035
6|1039
19|1074
9|1077
6|1080
1|1075
7|1078
2|1076
19|1066
1|1111
22|1117
7|1114
2|1112
9|1113
14|1118
4|1120
15|1119
6|1116
3|1115
1|1139
9|1141
44|1121
7|1142
6|1144
15|1146
58|1147
2|1140
3|1143
22|1145
48|1148
17|1151
1|1170
2|1171
3|1174
22|1176
9|1172
7|1173
14|1177
6|1175
2|1205
6|1209
21|1212
1|1204
9|1206
3|1208
22|1210
7|1207
15|1211
13|1213
1|1242
2|1243
7|1245
9|1244
1|1254
9|1256
2|1255
7|1257
2|1278
7|1280
1|1277
9|1279
7|1304
1|1301
2|1320
9|1303
9|1321
7|1322
1|1319
2|1302
2|1332
3|1335
6|1336
15|1338
1|1331
9|1333
19|1348
7|1334
19|1347
7|1363
1|1360
3|1364
2|1361
9|1362
1|1388
7|1391
3|1392
15|1395
21|1397
11|1399
4|1396
14|1394
2|1389
23|1398
29|1400
6|1393
9|1390
7|1413
2|1411
19|1408
28|1403
15|1417
19|1407
19|1404
12|1401
26|1416
13|1402
1|1410
48|1419
59|1420
19|1405
3|1414
19|1406
18|1425
12|1424
19|1428
9|1412
4|1418
19|1430
19|1409
14|1415
11|1422
32|1421
19|1433
19|1434
13|1426
19|1435
19|1436
2|1439
19|1437
19|1429
9|1440
7|1441
55|1427
3|1442
19|1431
19|1432
58|1450
1|1438
29|1423
7|1466
2|1464
1|1463
13|1454
9|1465
3|1467
32|1451
9|1485
7|1486
1|1483
2|1484
1|1510
2|1511
13|1522
7|1513
1|1532
9|1534
11|1520
2|1533
7|1535
13|1547
12|1546
9|1512
3|1560
7|1559
9|1558
1|1556
2|1557
13|1569
2|1582
7|1584
1|1581
9|1583
3|1585
14|1587
7|1609
2|1607
14|1612
21|1615
1|1606
62|1620
61|1621
15|1613
9|1608
13|1619
12|1618
3|1610
19|1625
1|1638
9|1640
2|1639
19|1627
7|1641
2|1667
9|1668
1|1666
13|1679
3|1670
7|1669
2|1690
1|1689
7|1692
9|1691
7|1712
4|1717
15|1716
2|1710
12|1721
13|1722
9|1711
3|1713
1|1727
14|1715
19|1724
9|1729
7|1730
14|1733
3|1731
4|1736
11|1739
15|1735
2|1728
12|1741
19|1750
19|1743
19|1744
1|1709
13|1742
19|1726
19|1748
19|1749
19|1746
35|1723
19|1745
2|1752
3|1755
1|1769
1|1751
9|1753
9|1771
19|1767
3|1773
13|1763
19|1768
2|1770
7|1754
2|1788
7|1772
1|1787
3|1791
15|1794
13|1780
1|1810
3|1814
7|1813
2|1811
26|1816
9|1812
15|1817
6|1836
1|1831
12|1822
2|1832
9|1833
7|1834
2|1871
9|1872
1|1870
6|1875
7|1873
1|1896
2|1897
7|1899
9|1898
28|1911
6|1901
7|1939
2|1937
6|1941
22|1942
1|1936
9|1938
28|1952
1|1973
6|1978
7|1976
2|1974
9|1975
1|1993
3|1977
6|1998
7|1996
2|1994
2|2023
6|2027
7|2025
9|2024
1|2022
22|2028
1|2046
2|2047
7|2049
9|2048
6|2051
2|2084
9|2085
6|2088
14|2090
7|2086
39|2091
40|2092
21|2093
13|2095
11|2094
47|2096
28|2098
3|2087
22|2089
1|2083
49|2100
34|2097
25|2099
1|2113
3|2117
19|2104
9|2115
2|2114
7|2116
39|2122
40|2123
19|2105
11|2125
6|2118
19|2101
22|2119
19|2106
17|2127
13|2126
28|2128
14|2120
15|2121
19|2103
32|2124
49|2129
1|2144
19|2130
2|2145
7|2147
22|2150
19|2102
9|2146
3|2148
6|2149
1|2167
31|2153
40|2152
19|2158
32|2154
2|2168
13|2155
28|2157
14|2151
22|2173
17|2156
11|2176
13|2177
19|2179
9|2169
19|2180
6|2172
19|2181
19|2182
19|2184
40|2175
14|2174
19|2186
19|2188
28|2178
1|2190
7|2170
3|2171
9|2192
3|2194
19|2189
15|2198
19|2187
19|2183
2|2191
19|2185
7|2193
7|2211
14|2215
3|2212
6|2213
22|2214
2|2209
9|2210
1|2208
2|2232
9|2233
7|2234
6|2236
3|2235
36|2237
13|2222
1|2231
12|2246
26|2239
13|2247
1|2254
1|2266
9|2256
7|2257
2|2255
7|2269
2|2267
9|2268
2|2279
9|2280
9|2284
7|2285
2|2283
1|2282
1|2294
2|2295
7|2297
3|2298
9|2296
1|2311
9|2313
13|2308
15|2301
3|2315
13|2322
7|2314
1|2328
2|2312
15|2317
12|2307
9|2330
12|2321
7|2331
1|2343
7|2346
2|2329
2|2344
3|2332
9|2345
1|2359
2|2360
1|2370
9|2372
7|2373
2|2371
3|2374
1|2382
2|2383
9|2384
7|2397
7|2385
1|2394
9|2396
2|2395
9|2417
7|2418
1|2415
2|2416
3|2419
26|2442
12|2445
1|2437
4|2443
2|2438
3|2441
7|2440
1|2450
9|2439
23|2444
9|2468
1|2466
15|2457
37|2461
9|2452
12|2460
8|2463
18|2462
26|2456
19|2465
3|2454
2|2451
7|2453
7|2469
3|2470
23|2459
1|2481
2|2467
2|2482
7|2484
15|2472
3|2485
26|2471
4|2473
9|2483
2|2498
19|2479
1|2497
7|2500
9|2499
1|2515
7|2518
3|2501
2|2516
9|2517
3|2519
2|2547
1|2546
7|2549
9|2548
61|2563
1|2585
7|2588
9|2587
2|2586
3|2589
1|2621
7|2624
2|2622
1|2643
6|2626
2|2644
1|2670
26|2677
2|2671
9|2672
12|2681
3|2674
7|2673
22|2676
19|2690
19|2692
9|2706
2|2705
7|2707
6|2709
1|2704
1|2732
2|2733
7|2735
17|2742
12|2715
12|2741
9|2734
19|2750
26|2738
1|2768
1|2776
9|2778
2|2769
19|2787
1|2788
9|2770
7|2790
2|2789
2|2800
1|2799
3|2815
2|2812
9|2801
26|2817
1|2811
7|2802
7|2814
13|2822
3|2832
15|2834
2|2829
1|2839
9|2841
9|2830
7|2842
7|2831
4|2845
1|2828
26|2844
23|2846
9|2813
28|2848
1|2849
3|2843
2|2850
12|2847
2|2840
19|2825
7|2866
3|2867
14|2868
1|2863
26|2869
4|2870
2|2864
12|2874
23|2872
9|2851
19|2876
7|2852
9|2865
31|2871
9|2879
1|2891
11|2873
1|2877
7|2894
12|2887
3|2881
3|2895
2|2878
26|2898
7|2880
19|2889
9|2893
2|2892
15|2899
26|2883
19|2875
2|2915
3|2918
9|2916
1|2914
19|2913
12|2926
1|2937
9|2939
7|2940
2|2938
26|2920
3|2941
15|2942
29|2943
19|2945
13|2944
2|2947
1|2946
7|2917
1|2963
9|2955
7|2956
2|2964
7|2966
3|2967
19|2962
14|2968
1|2953
12|2970
15|2959
12|2961
9|2975
7|2976
3|2957
2|2954
26|2969
1|2973
40|2960
14|2958
9|2965
1|2980
2|2981
9|2982
7|2983
1|2991
7|2994
2|2992
2|2974
9|2993
1|3012
9|3014
1|3001
2|3013
13|3023
9|3027
3|3016
2|3002
9|3003
2|3026
1|3025
7|3015
1|3042
7|3045
15|3050
2|3043
7|3028
9|3044
9|3058
6|3061
3|3060
2|3057
1|3056
7|3059
1|3076
7|3079
68|3071
19|3075
2|3077
9|3100
1|3098
2|3099
1|3119
7|3101
9|3121
33|3114
2|3120
33|3133
13|3132
7|3122
9|3136
2|3143
9|3144
1|3142
1|3134
12|3148
2|3135
1|3150
19|3149
7|3145
7|3137
1|3166
7|3153
2|3160
1|3159
13|3158
3|3163
7|3162
2|3151
2|3167
9|3161
12|3157
9|3168
14|3155
12|3165
15|3156
3|3154
1|3175
14|3171
2|3176
7|3178
12|3174
29|3173
9|3177
3|3170
7|3169
9|3195
26|3172
9|3152
1|3193
2|3194
7|3196
1|3208
7|3211
9|3210
1|3219
2|3220
2|3209
7|3222
7|3238
9|3237
2|3236
33|3204
1|3235
1|3250
9|3221
33|3246
21|3257
9|3252
2|3251
14|3255
12|3259
3|3254
5|3258
7|3253
6|3266
9|3263
2|3262
28|3260
12|3269
19|3271
3|3276
1|3272
26|3256
7|3264
1|3261
14|3267
28|3281
9|3274
3|3265
7|3275
1|3285
2|3286
7|3288
9|3287
2|3273
1|3304
2|3324
9|3306
7|3307
1|3323
2|3305
7|3326
2|3341
9|3325
9|3342
7|3343
22|3346
6|3345
1|3340
11|3350
26|3347
3|3344
4|3349
19|3364
18|3352
19|3356
2|3367
19|3361
19|3363
19|3362
7|3369
33|3354
19|3365
12|3351
19|3359
19|3360
9|3368
14|3373
6|3371
15|3375
19|3357
1|3366
31|3378
18|3380
4|3376
52|3377
13|3353
12|3379
19|3385
3|3370
28|3382
19|3384
19|3386
19|3388
19|3389
19|3390
1|3395
26|3374
19|3383
7|3398
19|3387
19|3391
17|3381
19|3394
2|3396
22|3372
19|3392
19|3393
9|3397
15|3402
